562
868
2452
1610
3206
2788
2660
2882
3433
2799
3992
946
1342
1080
1044
3205
2603
223
1990
604
2174
471
2609
1986
2010
2934
2245
1347
448
2422
1451
3326
2787
2158
571
1158
63
485
3455
2141
1302
231
115
3713
3138
315
2595
2268
1541
1983
3276
2686
3282
87
1066
1609
3977
1892
3511
3037
44
33
2369
15
842
2841
2737
3461
2689
661
3915
495
4083
3925
844
3538
3435
3119
3540
233
1010
1539
3166
1838
1805
3412
1418
47
4024
2434
3099
2205
3191
3631
2380
269
1265
3389
4008
2449
2145
2951
396
2736
1874
3259
2837
273
2017
3291
588
1311
658
3460
3931
3034
3608
3776
1948
1392
2906
3301
71
2533
2912
2729
1977
994
112
3295
1678
487
41
1350
3797
76
3387
2422
3861
2883
2974
2681
1392
1051
2122
2379
3275
3031
3225
3300
2638
2531
3652
1283
1912
876
3059
813
1023
2761
2912
629
1837
684
1843
3892
142
3728
3896
2530
2295
314
3518
3335
523
2273
2016
380
628
8
1434
207
4040
2007
3889
2149
1932
1358
1112
3447
695
3688
1882
110
3804
2008
3834
543
3
1935
775
2147
1909
3036
2675
2291
3372
2802
4063
1505
2903
3284
3624
954
1413
92
1340
3159
3977
1570
272
1908
3610
3782
3654
636
1947
2140
2778
1016
1900
2854
2805
3834
305
2700
525
3976
3752
3595
3249
839
3273
1699
2650
3084
1232
77
4022
3326
766
1752
1790
2579
984
3936
2075
76
1435
2825
3710
1654
3480
4008
1722
2711
470
2355
1786
1864
770
3212
3544
482
2440
615
125
2431
3731
2124
3072
161
1906
1833
3313
2080
2551
2424
3578
2775
4007
1280
3770
193
2852
3367
2756
806
3437
1361
785
1449
2183
3744
3477
4053
2023
1127
1634
883
3695
3488
1926
1184
1053
1371
2831
1331
3744
174
2569
16
521
1128
3732
588
671
2785
2870
658
1807
3539
1055
1442
696
1816
3232
3485
1909
1387
1767
4031
3597
3154
2577
1814
2686
2900
2200
693
3647
1563
1925
600
2675
1711
3618
3393
2568
97
196
2189
2938
3262
3826
44
762
395
3298
599
3840
768
3981
2160
699
3302
3705
330
3506
98
675
2636
2051
79
711
3125
3913
3295
3516
2505
2943
1105
2561
3506
1388
2273
3392
3556
951
2893
3497
3669
965
2731
3613
3757
1957
256
818
2979
103
2091
2740
3322
722
1422
2014
1086
871
1571
1063
189
886
1153
2051
675
1214
2871
1780
3643
3099
2659
1651
82
3278
3594
2396
1467
1394
4048
3855
1279
486
2250
1699
170
689
1368
2481
1230
573
932
1872
2353
1155
1138
1849
309
2302
2917
1034
47
2230
412
23
1435
1855
2182
2709
962
3677
2591
2154
3615
1400
1578
677
1185
3545
2563
2855
3628
1349
1241
2952
2939
1289
1973
3515
618
3610
3359
961
2973
2513
1607
2513
2144
3329
2494
