18
23
5
7
9
22
2
28
6
29
20
31
2
18
8
26
15
9
30
31
7
6
28
4
19
26
11
25
28
9
22
13
21
27
4
16
22
18
30
2
30
13
29
5
2
1
20
3
10
4
16
5
18
6
22
13
4
5
29
24
17
15
25
4
27
4
6
10
5
29
2
28
29
0
28
17
21
19
14
4
6
30
22
17
25
2
30
15
14
15
24
19
18
29
19
20
13
19
28
12
5
6
17
3
8
7
19
6
8
27
1
4
7
16
27
16
16
4
7
8
8
19
5
26
1
24
15
15
18
10
9
27
15
17
14
29
28
21
16
4
12
30
28
13
15
2
29
19
9
11
21
18
31
12
15
11
7
23
27
27
25
16
1
13
11
18
16
27
0
16
3
7
16
19
12
10
2
18
19
27
24
18
2
25
17
13
26
15
6
3
29
14
29
24
26
15
14
2
13
29
31
1
28
14
30
10
2
10
5
13
27
4
21
23
12
15
26
21
5
27
24
10
10
30
15
28
20
29
18
28
13
27
7
11
18
24
12
15
30
19
6
20
14
7
28
16
24
9
16
27
12
18
14
3
9
25
2
7
26
18
13
8
22
26
20
1
28
17
28
30
3
6
13
28
2
7
6
10
1
7
19
4
31
12
22
17
16
12
27
10
5
15
17
9
16
28
24
26
29
13
24
3
1
27
25
29
7
30
4
10
26
30
24
3
5
9
8
3
16
21
6
21
29
21
23
13
10
13
19
19
25
18
22
22
24
29
16
16
14
0
15
28
4
6
19
18
1
22
12
25
21
17
17
22
27
13
19
19
8
30
31
29
18
23
7
18
9
13
5
26
7
22
20
11
3
5
28
17
0
22
25
27
16
8
8
17
29
29
7
28
24
31
1
28
29
20
26
8
5
13
4
0
2
27
7
2
1
30
23
4
3
12
3
21
1
21
17
9
8
10
19
13
4
19
18
30
27
6
10
15
13
11
25
4
27
3
9
19
1
7
1
0
25
29
15
14
26
14
12
1
18
27
0
11
14
13
27
20
28
10
12
15
29
26
29
9
20
4
18
16
3
2
21
2
8
29
31
5
22
0
7
19
9
24
20
5
18
27
4
20
16
24
19
30
29
18
2
16
8
17
